%YAML:1.0
---
calibration_time: "Wed Nov  7 14:20:48 2018"
nframes: 20
image_width: 640
image_height: 480
board_width: 10
board_height: 7
square_size: 2.3999999463558197e-01
aspectRatio: 1.
flags: 2
camera_matrix: !!opencv-matrix
   rows: 3
   cols: 3
   dt: d
   data: [ 8.0957462377173442e+02, 0., 3.0194004363627141e+02, 0.,
       8.0957462377173442e+02, 2.6074846459388033e+02, 0., 0., 1. ]
distortion_coefficients: !!opencv-matrix
   rows: 5
   cols: 1
   dt: d
   data: [ 4.3382110878495223e-02, -9.4847436991340317e-01,
       1.2769342038861211e-02, -3.1069165084843367e-04,
       5.8028342742431249e+00 ]
avg_reprojection_error: 3.6993210874089433e-01
per_view_reprojection_errors: !!opencv-matrix
   rows: 20
   cols: 1
   dt: f
   data: [ 3.50318968e-01, 3.04500610e-01, 3.21598053e-01,
       4.81343985e-01, 3.98292094e-01, 1.55635864e-01, 2.41817266e-01,
       2.76229560e-01, 1.67005017e-01, 1.86735228e-01, 3.20242733e-01,
       7.84364045e-01, 3.46049428e-01, 3.80330801e-01, 3.83393198e-01,
       5.52578747e-01, 2.79237986e-01, 3.87943149e-01, 2.79732764e-01,
       2.54546523e-01 ]
