%YAML:1.0
---
R: !!opencv-matrix
   rows: 3
   cols: 3
   dt: d
   data: [ 8.8763469884695168e-01, -7.1576537202221929e-02,
       -4.5495213014670050e-01, -9.3872919639242103e-02,
       9.3899209344497181e-01, -3.3088022516650001e-01,
       4.5087971384980913e-01, 3.3640845377304102e-01,
       8.2676286555985690e-01 ]
T: !!opencv-matrix
   rows: 3
   cols: 1
   dt: d
   data: [ 3.7819003655175504e-01, 2.9752542956943534e-01,
       2.3597251868232860e-01 ]
R1: !!opencv-matrix
   rows: 3
   cols: 3
   dt: d
   data: [ -7.7277293999208874e-01, -6.1888904365371589e-01,
       1.4070655585783060e-01, 6.2384619216699699e-01,
       -7.8146936294367297e-01, -1.1025574776317298e-02,
       1.1678146999726474e-01, 7.9258983249843179e-02,
       9.8998995037297177e-01 ]
R2: !!opencv-matrix
   rows: 3
   cols: 3
   dt: d
   data: [ -7.0565688852294917e-01, -5.5514648349994289e-01,
       -4.4029619296305272e-01, 6.1469850657068170e-01,
       -7.8870767187354973e-01, 9.2711567551517216e-03,
       -3.5241183535727583e-01, -2.6410715663429635e-01,
       8.9780471602384870e-01 ]
P1: !!opencv-matrix
   rows: 3
   cols: 4
   dt: d
   data: [ -1.4550215229025039e+03, 0., 1.8832538700103760e+03, 0., 0.,
       -1.4550215229025039e+03, -4.4705626776516438e+03, 0., 0., 0., 1.,
       0. ]
P2: !!opencv-matrix
   rows: 3
   cols: 4
   dt: d
   data: [ -1.4550215229025039e+03, 0., 1.8832538700103760e+03,
       7.7980481999105757e+02, 0., -1.4550215229025039e+03,
       -4.4705626776516438e+03, 0., 0., 0., 1., 0. ]
Q: !!opencv-matrix
   rows: 4
   cols: 4
   dt: d
   data: [ 1., 0., 0., -1.8832538700103760e+03, 0., 1., 0.,
       4.4705626776516438e+03, 0., 0., 0., -1.4550215229025039e+03, 0.,
       0., 1.8658791092355511e+00, 0. ]
