%YAML:1.0
---
M1: !!opencv-matrix
   rows: 3
   cols: 3
   dt: d
   data: [ 6.8601897086374004e+02, 0., 3.2574390538819273e+02, 0.,
       6.8308265363016210e+02, 2.9651850270241772e+02, 0., 0., 1. ]
D1: !!opencv-matrix
   rows: 1
   cols: 14
   dt: d
   data: [ -1.7099983362043830e-01, 1.1978439633437059e+01, 0., 0., 0.,
       0., 0., 9.9474790900784299e+01, 0., 0., 0., 0., 0., 0. ]
M2: !!opencv-matrix
   rows: 3
   cols: 3
   dt: d
   data: [ 6.8601897086374004e+02, 0., 1.6276490487745338e+02, 0.,
       6.8308265363016210e+02, 1.1570301155334677e+02, 0., 0., 1. ]
D2: !!opencv-matrix
   rows: 1
   cols: 14
   dt: d
   data: [ 1.4908760333631694e+00, 7.5567964225987838e-01, 0., 0., 0.,
       0., 0., 2.0436819053697917e+01, 0., 0., 0., 0., 0., 0. ]
